0.000,-0.500,-4.000,-1.000-1
0.010,-0.469,-3.990,-1.000-1
0.020,-0.437,-3.980,-1.002-1
0.030,-0.406,-3.970,-1.004-1
0.040,-0.375,-3.960,-1.008-1
0.050,-0.344,-3.950,-1.012-1
0.060,-0.313,-3.940,-1.018-1
0.070,-0.282,-3.930,-1.024-1
0.080,-0.251,-3.920,-1.031-1
0.090,-0.221,-3.910,-1.040-1
0.100,-0.191,-3.900,-1.049-1
0.110,-0.161,-3.890,-1.059-1
0.120,-0.132,-3.880,-1.070-1
0.130,-0.103,-3.870,-1.082-1
0.140,-0.074,-3.860,-1.095-1
0.150,-0.046,-3.850,-1.109-1
0.160,-0.018,-3.840,-1.124-1
0.170,0.009,-3.830,-1.139-1
0.180,0.036,-3.820,-1.156-1
0.190,0.062,-3.810,-1.173-1
0.200,0.088,-3.800,-1.191-1
0.210,0.113,-3.790,-1.210-1
0.220,0.137,-3.780,-1.229-1
0.230,0.161,-3.770,-1.250-1
0.240,0.185,-3.760,-1.271-1
0.250,0.207,-3.750,-1.293-1
0.260,0.229,-3.740,-1.315-1
0.270,0.250,-3.730,-1.339-1
0.280,0.271,-3.720,-1.363-1
0.290,0.290,-3.710,-1.387-1
0.300,0.309,-3.700,-1.412-1
0.310,0.327,-3.690,-1.438-1
0.320,0.344,-3.680,-1.464-1
0.330,0.361,-3.670,-1.491-1
0.340,0.376,-3.660,-1.518-1
0.350,0.391,-3.650,-1.546-1
0.360,0.405,-3.640,-1.574-1
0.370,0.418,-3.630,-1.603-1
0.380,0.430,-3.620,-1.632-1
0.390,0.441,-3.610,-1.661-1
0.400,0.451,-3.600,-1.691-1
0.410,0.460,-3.590,-1.721-1
0.420,0.469,-3.580,-1.751-1
0.430,0.476,-3.570,-1.782-1
0.440,0.482,-3.560,-1.813-1
0.450,0.488,-3.550,-1.844-1
0.460,0.492,-3.540,-1.875-1
0.470,0.496,-3.530,-1.906-1
0.480,0.498,-3.520,-1.937-1
0.490,0.500,-3.510,-1.969-1
0.500,0.500,-3.500,-2.000-1
0.510,0.500,-3.490,-2.031-1
0.520,0.498,-3.480,-2.063-1
0.530,0.496,-3.470,-2.094-1
0.540,0.492,-3.460,-2.125-1
0.550,0.488,-3.450,-2.156-1
0.560,0.482,-3.440,-2.187-1
0.570,0.476,-3.430,-2.218-1
0.580,0.469,-3.420,-2.249-1
0.590,0.460,-3.410,-2.279-1
0.600,0.451,-3.400,-2.309-1
0.610,0.441,-3.390,-2.339-1
0.620,0.430,-3.380,-2.368-1
0.630,0.418,-3.370,-2.397-1
0.640,0.405,-3.360,-2.426-1
0.650,0.391,-3.350,-2.454-1
0.660,0.376,-3.340,-2.482-1
0.670,0.361,-3.330,-2.509-1
0.680,0.344,-3.320,-2.536-1
0.690,0.327,-3.310,-2.562-1
0.700,0.309,-3.300,-2.588-1
0.710,0.290,-3.290,-2.613-1
0.720,0.271,-3.280,-2.637-1
0.730,0.250,-3.270,-2.661-1
0.740,0.229,-3.260,-2.685-1
0.750,0.207,-3.250,-2.707-1
0.760,0.185,-3.240,-2.729-1
0.770,0.161,-3.230,-2.750-1
0.780,0.137,-3.220,-2.771-1
0.790,0.113,-3.210,-2.790-1
0.800,0.088,-3.200,-2.809-1
0.810,0.062,-3.190,-2.827-1
0.820,0.036,-3.180,-2.844-1
0.830,0.009,-3.170,-2.861-1
0.840,-0.018,-3.160,-2.876-1
0.850,-0.046,-3.150,-2.891-1
0.860,-0.074,-3.140,-2.905-1
0.870,-0.103,-3.130,-2.918-1
0.880,-0.132,-3.120,-2.930-1
0.890,-0.161,-3.110,-2.941-1
0.900,-0.191,-3.100,-2.951-1
0.910,-0.221,-3.090,-2.960-1
0.920,-0.251,-3.080,-2.969-1
0.930,-0.282,-3.070,-2.976-1
0.940,-0.313,-3.060,-2.982-1
0.950,-0.344,-3.050,-2.988-1
0.960,-0.375,-3.040,-2.992-1
0.970,-0.406,-3.030,-2.996-1
0.980,-0.437,-3.020,-2.998-1
0.990,-0.469,-3.010,-3.000-1
1.000,-0.500,-3.000,-3.000-1
1.010,-0.531,-2.990,-3.000-1
1.020,-0.563,-2.980,-2.998-1
1.030,-0.594,-2.970,-2.996-1
1.040,-0.625,-2.960,-2.992-1
1.050,-0.656,-2.950,-2.988-1
1.060,-0.687,-2.940,-2.982-1
1.070,-0.718,-2.930,-2.976-1
1.080,-0.749,-2.920,-2.969-1
1.090,-0.779,-2.910,-2.960-1
1.100,-0.809,-2.900,-2.951-1
1.110,-0.839,-2.890,-2.941-1
1.120,-0.868,-2.880,-2.930-1
1.130,-0.897,-2.870,-2.918-1
1.140,-0.926,-2.860,-2.905-1
1.150,-0.954,-2.850,-2.891-1
1.160,-0.982,-2.840,-2.876-1
1.170,-1.009,-2.830,-2.861-1
1.180,-1.036,-2.820,-2.844-1
1.190,-1.062,-2.810,-2.827-1
1.200,-1.088,-2.800,-2.809-1
1.210,-1.113,-2.790,-2.790-1
1.220,-1.137,-2.780,-2.771-1
1.230,-1.161,-2.770,-2.750-1
1.240,-1.185,-2.760,-2.729-1
1.250,-1.207,-2.750,-2.707-1
1.260,-1.229,-2.740,-2.685-1
1.270,-1.250,-2.730,-2.661-1
1.280,-1.271,-2.720,-2.637-1
1.290,-1.290,-2.710,-2.613-1
1.300,-1.309,-2.700,-2.588-1
1.310,-1.327,-2.690,-2.562-1
1.320,-1.344,-2.680,-2.536-1
1.330,-1.361,-2.670,-2.509-1
1.340,-1.376,-2.660,-2.482-1
1.350,-1.391,-2.650,-2.454-1
1.360,-1.405,-2.640,-2.426-1
1.370,-1.418,-2.630,-2.397-1
1.380,-1.430,-2.620,-2.368-1
1.390,-1.441,-2.610,-2.339-1
1.400,-1.451,-2.600,-2.309-1
1.410,-1.460,-2.590,-2.279-1
1.420,-1.469,-2.580,-2.249-1
1.430,-1.476,-2.570,-2.218-1
1.440,-1.482,-2.560,-2.187-1
1.450,-1.488,-2.550,-2.156-1
1.460,-1.492,-2.540,-2.125-1
1.470,-1.496,-2.530,-2.094-1
1.480,-1.498,-2.520,-2.063-1
1.490,-1.500,-2.510,-2.031-1
1.500,-1.500,-2.500,-2.000-1
1.510,-1.500,-2.490,-1.969-1
1.520,-1.498,-2.480,-1.937-1
1.530,-1.496,-2.470,-1.906-1
1.540,-1.492,-2.460,-1.875-1
1.550,-1.488,-2.450,-1.844-1
1.560,-1.482,-2.440,-1.813-1
1.570,-1.476,-2.430,-1.782-1
1.580,-1.469,-2.420,-1.751-1
1.590,-1.460,-2.410,-1.721-1
1.600,-1.451,-2.400,-1.691-1
1.610,-1.441,-2.390,-1.661-1
1.620,-1.430,-2.380,-1.632-1
1.630,-1.418,-2.370,-1.603-1
1.640,-1.405,-2.360,-1.574-1
1.650,-1.391,-2.350,-1.546-1
1.660,-1.376,-2.340,-1.518-1
1.670,-1.361,-2.330,-1.491-1
1.680,-1.344,-2.320,-1.464-1
1.690,-1.327,-2.310,-1.438-1
1.700,-1.309,-2.300,-1.412-1
1.710,-1.290,-2.290,-1.387-1
1.720,-1.271,-2.280,-1.363-1
1.730,-1.250,-2.270,-1.339-1
1.740,-1.229,-2.260,-1.315-1
1.750,-1.207,-2.250,-1.293-1
1.760,-1.185,-2.240,-1.271-1
1.770,-1.161,-2.230,-1.250-1
1.780,-1.137,-2.220,-1.229-1
1.790,-1.113,-2.210,-1.210-1
1.800,-1.088,-2.200,-1.191-1
1.810,-1.062,-2.190,-1.173-1
1.820,-1.036,-2.180,-1.156-1
1.830,-1.009,-2.170,-1.139-1
1.840,-0.982,-2.160,-1.124-1
1.850,-0.954,-2.150,-1.109-1
1.860,-0.926,-2.140,-1.095-1
1.870,-0.897,-2.130,-1.082-1
1.880,-0.868,-2.120,-1.070-1
1.890,-0.839,-2.110,-1.059-1
1.900,-0.809,-2.100,-1.049-1
1.910,-0.779,-2.090,-1.040-1
1.920,-0.749,-2.080,-1.031-1
1.930,-0.718,-2.070,-1.024-1
1.940,-0.687,-2.060,-1.018-1
1.950,-0.656,-2.050,-1.012-1
1.960,-0.625,-2.040,-1.008-1
1.970,-0.594,-2.030,-1.004-1
1.980,-0.563,-2.020,-1.002-1
1.990,-0.531,-2.010,-1.000-1
2.000,-0.500,-2.000,-1.000-1
2.010,-0.469,-1.990,-1.000-1
2.020,-0.437,-1.980,-1.002-1
2.030,-0.406,-1.970,-1.004-1
2.040,-0.375,-1.960,-1.008-1
2.050,-0.344,-1.950,-1.012-1
2.060,-0.313,-1.940,-1.018-1
2.070,-0.282,-1.930,-1.024-1
2.080,-0.251,-1.920,-1.031-1
2.090,-0.221,-1.910,-1.040-1
2.100,-0.191,-1.900,-1.049-1
2.110,-0.161,-1.890,-1.059-1
2.120,-0.132,-1.880,-1.070-1
2.130,-0.103,-1.870,-1.082-1
2.140,-0.074,-1.860,-1.095-1
2.150,-0.046,-1.850,-1.109-1
2.160,-0.018,-1.840,-1.124-1
2.170,0.009,-1.830,-1.139-1
2.180,0.036,-1.820,-1.156-1
2.190,0.062,-1.810,-1.173-1
2.200,0.088,-1.800,-1.191-1
2.210,0.113,-1.790,-1.210-1
2.220,0.137,-1.780,-1.229-1
2.230,0.161,-1.770,-1.250-1
2.240,0.185,-1.760,-1.271-1
2.250,0.207,-1.750,-1.293-1
2.260,0.229,-1.740,-1.315-1
2.270,0.250,-1.730,-1.339-1
2.280,0.271,-1.720,-1.363-1
2.290,0.290,-1.710,-1.387-1
2.300,0.309,-1.700,-1.412-1
2.310,0.327,-1.690,-1.438-1
2.320,0.344,-1.680,-1.464-1
2.330,0.361,-1.670,-1.491-1
2.340,0.376,-1.660,-1.518-1
2.350,0.391,-1.650,-1.546-1
2.360,0.405,-1.640,-1.574-1
2.370,0.418,-1.630,-1.603-1
2.380,0.430,-1.620,-1.632-1
2.390,0.441,-1.610,-1.661-1
2.400,0.451,-1.600,-1.691-1
2.410,0.460,-1.590,-1.721-1
2.420,0.469,-1.580,-1.751-1
2.430,0.476,-1.570,-1.782-1
2.440,0.482,-1.560,-1.813-1
2.450,0.488,-1.550,-1.844-1
2.460,0.492,-1.540,-1.875-1
2.470,0.496,-1.530,-1.906-1
2.480,0.498,-1.520,-1.937-1
2.490,0.500,-1.510,-1.969-1
2.500,0.500,-1.500,-2.000-1
2.510,0.500,-1.490,-2.031-1
2.520,0.498,-1.480,-2.063-1
2.530,0.496,-1.470,-2.094-1
2.540,0.492,-1.460,-2.125-1
2.550,0.488,-1.450,-2.156-1
2.560,0.482,-1.440,-2.187-1
2.570,0.476,-1.430,-2.218-1
2.580,0.469,-1.420,-2.249-1
2.590,0.460,-1.410,-2.279-1
2.600,0.451,-1.400,-2.309-1
2.610,0.441,-1.390,-2.339-1
2.620,0.430,-1.380,-2.368-1
2.630,0.418,-1.370,-2.397-1
2.640,0.405,-1.360,-2.426-1
2.650,0.391,-1.350,-2.454-1
2.660,0.376,-1.340,-2.482-1
2.670,0.361,-1.330,-2.509-1
2.680,0.344,-1.320,-2.536-1
2.690,0.327,-1.310,-2.562-1
2.700,0.309,-1.300,-2.588-1
2.710,0.290,-1.290,-2.613-1
2.720,0.271,-1.280,-2.637-1
2.730,0.250,-1.270,-2.661-1
2.740,0.229,-1.260,-2.685-1
2.750,0.207,-1.250,-2.707-1
2.760,0.185,-1.240,-2.729-1
2.770,0.161,-1.230,-2.750-1
2.780,0.137,-1.220,-2.771-1
2.790,0.113,-1.210,-2.790-1
2.800,0.088,-1.200,-2.809-1
2.810,0.062,-1.190,-2.827-1
2.820,0.036,-1.180,-2.844-1
2.830,0.009,-1.170,-2.861-1
2.840,-0.018,-1.160,-2.876-1
2.850,-0.046,-1.150,-2.891-1
2.860,-0.074,-1.140,-2.905-1
2.870,-0.103,-1.130,-2.918-1
2.880,-0.132,-1.120,-2.930-1
2.890,-0.161,-1.110,-2.941-1
2.900,-0.191,-1.100,-2.951-1
2.910,-0.221,-1.090,-2.960-1
2.920,-0.251,-1.080,-2.969-1
2.930,-0.282,-1.070,-2.976-1
2.940,-0.313,-1.060,-2.982-1
2.950,-0.344,-1.050,-2.988-1
2.960,-0.375,-1.040,-2.992-1
2.970,-0.406,-1.030,-2.996-1
2.980,-0.437,-1.020,-2.998-1
2.990,-0.469,-1.010,-3.000-1
3.000,-0.500,-1.000,-3.000-1
3.010,-0.531,-0.990,-3.000-1
3.020,-0.563,-0.980,-2.998-1
3.030,-0.594,-0.970,-2.996-1
3.040,-0.625,-0.960,-2.992-1
3.050,-0.656,-0.950,-2.988-1
3.060,-0.687,-0.940,-2.982-1
3.070,-0.718,-0.930,-2.976-1
3.080,-0.749,-0.920,-2.969-1
3.090,-0.779,-0.910,-2.960-1
3.100,-0.809,-0.900,-2.951-1
3.110,-0.839,-0.890,-2.941-1
3.120,-0.868,-0.880,-2.930-1
3.130,-0.897,-0.870,-2.918-1
3.140,-0.926,-0.860,-2.905-1
3.150,-0.954,-0.850,-2.891-1
3.160,-0.982,-0.840,-2.876-1
3.170,-1.009,-0.830,-2.861-1
3.180,-1.036,-0.820,-2.844-1
3.190,-1.062,-0.810,-2.827-1
3.200,-1.088,-0.800,-2.809-1
3.210,-1.113,-0.790,-2.790-1
3.220,-1.137,-0.780,-2.771-1
3.230,-1.161,-0.770,-2.750-1
3.240,-1.185,-0.760,-2.729-1
3.250,-1.207,-0.750,-2.707-1
3.260,-1.229,-0.740,-2.685-1
3.270,-1.250,-0.730,-2.661-1
3.280,-1.271,-0.720,-2.637-1
3.290,-1.290,-0.710,-2.613-1
3.300,-1.309,-0.700,-2.588-1
3.310,-1.327,-0.690,-2.562-1
3.320,-1.344,-0.680,-2.536-1
3.330,-1.361,-0.670,-2.509-1
3.340,-1.376,-0.660,-2.482-1
3.350,-1.391,-0.650,-2.454-1
3.360,-1.405,-0.640,-2.426-1
3.370,-1.418,-0.630,-2.397-1
3.380,-1.430,-0.620,-2.368-1
3.390,-1.441,-0.610,-2.339-1
3.400,-1.451,-0.600,-2.309-1
3.410,-1.460,-0.590,-2.279-1
3.420,-1.469,-0.580,-2.249-1
3.430,-1.476,-0.570,-2.218-1
3.440,-1.482,-0.560,-2.187-1
3.450,-1.488,-0.550,-2.156-1
3.460,-1.492,-0.540,-2.125-1
3.470,-1.496,-0.530,-2.094-1
3.480,-1.498,-0.520,-2.063-1
3.490,-1.500,-0.510,-2.031-1
3.500,-1.500,-0.500,-2.000-1
3.510,-1.500,-0.490,-1.969-1
3.520,-1.498,-0.480,-1.937-1
3.530,-1.496,-0.470,-1.906-1
3.540,-1.492,-0.460,-1.875-1
3.550,-1.488,-0.450,-1.844-1
3.560,-1.482,-0.440,-1.813-1
3.570,-1.476,-0.430,-1.782-1
3.580,-1.469,-0.420,-1.751-1
3.590,-1.460,-0.410,-1.721-1
3.600,-1.451,-0.400,-1.691-1
3.610,-1.441,-0.390,-1.661-1
3.620,-1.430,-0.380,-1.632-1
3.630,-1.418,-0.370,-1.603-1
3.640,-1.405,-0.360,-1.574-1
3.650,-1.391,-0.350,-1.546-1
3.660,-1.376,-0.340,-1.518-1
3.670,-1.361,-0.330,-1.491-1
3.680,-1.344,-0.320,-1.464-1
3.690,-1.327,-0.310,-1.438-1
3.700,-1.309,-0.300,-1.412-1
3.710,-1.290,-0.290,-1.387-1
3.720,-1.271,-0.280,-1.363-1
3.730,-1.250,-0.270,-1.339-1
3.740,-1.229,-0.260,-1.315-1
3.750,-1.207,-0.250,-1.293-1
3.760,-1.185,-0.240,-1.271-1
3.770,-1.161,-0.230,-1.250-1
3.780,-1.137,-0.220,-1.229-1
3.790,-1.113,-0.210,-1.210-1
3.800,-1.088,-0.200,-1.191-1
3.810,-1.062,-0.190,-1.173-1
3.820,-1.036,-0.180,-1.156-1
3.830,-1.009,-0.170,-1.139-1
3.840,-0.982,-0.160,-1.124-1
3.850,-0.954,-0.150,-1.109-1
3.860,-0.926,-0.140,-1.095-1
3.870,-0.897,-0.130,-1.082-1
3.880,-0.868,-0.120,-1.070-1
3.890,-0.839,-0.110,-1.059-1
3.900,-0.809,-0.100,-1.049-1
3.910,-0.779,-0.090,-1.040-1
3.920,-0.749,-0.080,-1.031-1
3.930,-0.718,-0.070,-1.024-1
3.940,-0.687,-0.060,-1.018-1
3.950,-0.656,-0.050,-1.012-1
3.960,-0.625,-0.040,-1.008-1
3.970,-0.594,-0.030,-1.004-1
3.980,-0.563,-0.020,-1.002-1
3.990,-0.531,-0.010,-1.000-1
4.000,-0.500,-0.000,-1.000-1
4.010,-0.469,0.010,-1.000-1
4.020,-0.437,0.020,-1.002-1
4.030,-0.406,0.030,-1.004-1
4.040,-0.375,0.040,-1.008-1
4.050,-0.344,0.050,-1.012-1
4.060,-0.313,0.060,-1.018-1
4.070,-0.282,0.070,-1.024-1
4.080,-0.251,0.080,-1.031-1
4.090,-0.221,0.090,-1.040-1
4.100,-0.191,0.100,-1.049-1
4.110,-0.161,0.110,-1.059-1
4.120,-0.132,0.120,-1.070-1
4.130,-0.103,0.130,-1.082-1
4.140,-0.074,0.140,-1.095-1
4.150,-0.046,0.150,-1.109-1
4.160,-0.018,0.160,-1.124-1
4.170,0.009,0.170,-1.139-1
4.180,0.036,0.180,-1.156-1
4.190,0.062,0.190,-1.173-1
4.200,0.088,0.200,-1.191-1
4.210,0.113,0.210,-1.210-1
4.220,0.137,0.220,-1.229-1
4.230,0.161,0.230,-1.250-1
4.240,0.185,0.240,-1.271-1
4.250,0.207,0.250,-1.293-1
4.260,0.229,0.260,-1.315-1
4.270,0.250,0.270,-1.339-1
4.280,0.271,0.280,-1.363-1
4.290,0.290,0.290,-1.387-1
4.300,0.309,0.300,-1.412-1
4.310,0.327,0.310,-1.438-1
4.320,0.344,0.320,-1.464-1
4.330,0.361,0.330,-1.491-1
4.340,0.376,0.340,-1.518-1
4.350,0.391,0.350,-1.546-1
4.360,0.405,0.360,-1.574-1
4.370,0.418,0.370,-1.603-1
4.380,0.430,0.380,-1.632-1
4.390,0.441,0.390,-1.661-1
4.400,0.451,0.400,-1.691-1
4.410,0.460,0.410,-1.721-1
4.420,0.469,0.420,-1.751-1
4.430,0.476,0.430,-1.782-1
4.440,0.482,0.440,-1.813-1
4.450,0.488,0.450,-1.844-1
4.460,0.492,0.460,-1.875-1
4.470,0.496,0.470,-1.906-1
4.480,0.498,0.480,-1.937-1
4.490,0.500,0.490,-1.969-1
4.500,0.500,0.500,-2.000-1
4.510,0.500,0.510,-2.031-1
4.520,0.498,0.520,-2.063-1
4.530,0.496,0.530,-2.094-1
4.540,0.492,0.540,-2.125-1
4.550,0.488,0.550,-2.156-1
4.560,0.482,0.560,-2.187-1
4.570,0.476,0.570,-2.218-1
4.580,0.469,0.580,-2.249-1
4.590,0.460,0.590,-2.279-1
4.600,0.451,0.600,-2.309-1
4.610,0.441,0.610,-2.339-1
4.620,0.430,0.620,-2.368-1
4.630,0.418,0.630,-2.397-1
4.640,0.405,0.640,-2.426-1
4.650,0.391,0.650,-2.454-1
4.660,0.376,0.660,-2.482-1
4.670,0.361,0.670,-2.509-1
4.680,0.344,0.680,-2.536-1
4.690,0.327,0.690,-2.562-1
4.700,0.309,0.700,-2.588-1
4.710,0.290,0.710,-2.613-1
4.720,0.271,0.720,-2.637-1
4.730,0.250,0.730,-2.661-1
4.740,0.229,0.740,-2.685-1
4.750,0.207,0.750,-2.707-1
4.760,0.185,0.760,-2.729-1
4.770,0.161,0.770,-2.750-1
4.780,0.137,0.780,-2.771-1
4.790,0.113,0.790,-2.790-1
4.800,0.088,0.800,-2.809-1
4.810,0.062,0.810,-2.827-1
4.820,0.036,0.820,-2.844-1
4.830,0.009,0.830,-2.861-1
4.840,-0.018,0.840,-2.876-1
4.850,-0.046,0.850,-2.891-1
4.860,-0.074,0.860,-2.905-1
4.870,-0.103,0.870,-2.918-1
4.880,-0.132,0.880,-2.930-1
4.890,-0.161,0.890,-2.941-1
4.900,-0.191,0.900,-2.951-1
4.910,-0.221,0.910,-2.960-1
4.920,-0.251,0.920,-2.969-1
4.930,-0.282,0.930,-2.976-1
4.940,-0.313,0.940,-2.982-1
4.950,-0.344,0.950,-2.988-1
4.960,-0.375,0.960,-2.992-1
4.970,-0.406,0.970,-2.996-1
4.980,-0.437,0.980,-2.998-1
4.990,-0.469,0.990,-3.000-1
5.000,-0.500,1.000,-3.000-1
5.010,-0.531,1.010,-3.000-1
5.020,-0.563,1.020,-2.998-1
5.030,-0.594,1.030,-2.996-1
5.040,-0.625,1.040,-2.992-1
5.050,-0.656,1.050,-2.988-1
5.060,-0.687,1.060,-2.982-1
5.070,-0.718,1.070,-2.976-1
5.080,-0.749,1.080,-2.969-1
5.090,-0.779,1.090,-2.960-1
5.100,-0.809,1.100,-2.951-1
5.110,-0.839,1.110,-2.941-1
5.120,-0.868,1.120,-2.930-1
5.130,-0.897,1.130,-2.918-1
5.140,-0.926,1.140,-2.905-1
5.150,-0.954,1.150,-2.891-1
5.160,-0.982,1.160,-2.876-1
5.170,-1.009,1.170,-2.861-1
5.180,-1.036,1.180,-2.844-1
5.190,-1.062,1.190,-2.827-1
5.200,-1.088,1.200,-2.809-1
5.210,-1.113,1.210,-2.790-1
5.220,-1.137,1.220,-2.771-1
5.230,-1.161,1.230,-2.750-1
5.240,-1.185,1.240,-2.729-1
5.250,-1.207,1.250,-2.707-1
5.260,-1.229,1.260,-2.685-1
5.270,-1.250,1.270,-2.661-1
5.280,-1.271,1.280,-2.637-1
5.290,-1.290,1.290,-2.613-1
5.300,-1.309,1.300,-2.588-1
5.310,-1.327,1.310,-2.562-1
5.320,-1.344,1.320,-2.536-1
5.330,-1.361,1.330,-2.509-1
5.340,-1.376,1.340,-2.482-1
5.350,-1.391,1.350,-2.454-1
5.360,-1.405,1.360,-2.426-1
5.370,-1.418,1.370,-2.397-1
5.380,-1.430,1.380,-2.368-1
5.390,-1.441,1.390,-2.339-1
5.400,-1.451,1.400,-2.309-1
5.410,-1.460,1.410,-2.279-1
5.420,-1.469,1.420,-2.249-1
5.430,-1.476,1.430,-2.218-1
5.440,-1.482,1.440,-2.187-1
5.450,-1.488,1.450,-2.156-1
5.460,-1.492,1.460,-2.125-1
5.470,-1.496,1.470,-2.094-1
5.480,-1.498,1.480,-2.063-1
5.490,-1.500,1.490,-2.031-1
5.500,-1.500,1.500,-2.000-1
5.510,-1.500,1.510,-1.969-1
5.520,-1.498,1.520,-1.937-1
5.530,-1.496,1.530,-1.906-1
5.540,-1.492,1.540,-1.875-1
5.550,-1.488,1.550,-1.844-1
5.560,-1.482,1.560,-1.813-1
5.570,-1.476,1.570,-1.782-1
5.580,-1.469,1.580,-1.751-1
5.590,-1.460,1.590,-1.721-1
5.600,-1.451,1.600,-1.691-1
5.610,-1.441,1.610,-1.661-1
5.620,-1.430,1.620,-1.632-1
5.630,-1.418,1.630,-1.603-1
5.640,-1.405,1.640,-1.574-1
5.650,-1.391,1.650,-1.546-1
5.660,-1.376,1.660,-1.518-1
5.670,-1.361,1.670,-1.491-1
5.680,-1.344,1.680,-1.464-1
5.690,-1.327,1.690,-1.438-1
5.700,-1.309,1.700,-1.412-1
5.710,-1.290,1.710,-1.387-1
5.720,-1.271,1.720,-1.363-1
5.730,-1.250,1.730,-1.339-1
5.740,-1.229,1.740,-1.315-1
5.750,-1.207,1.750,-1.293-1
5.760,-1.185,1.760,-1.271-1
5.770,-1.161,1.770,-1.250-1
5.780,-1.137,1.780,-1.229-1
5.790,-1.113,1.790,-1.210-1
5.800,-1.088,1.800,-1.191-1
5.810,-1.062,1.810,-1.173-1
5.820,-1.036,1.820,-1.156-1
5.830,-1.009,1.830,-1.139-1
5.840,-0.982,1.840,-1.124-1
5.850,-0.954,1.850,-1.109-1
5.860,-0.926,1.860,-1.095-1
5.870,-0.897,1.870,-1.082-1
5.880,-0.868,1.880,-1.070-1
5.890,-0.839,1.890,-1.059-1
5.900,-0.809,1.900,-1.049-1
5.910,-0.779,1.910,-1.040-1
5.920,-0.749,1.920,-1.031-1
5.930,-0.718,1.930,-1.024-1
5.940,-0.687,1.940,-1.018-1
5.950,-0.656,1.950,-1.012-1
5.960,-0.625,1.960,-1.008-1
5.970,-0.594,1.970,-1.004-1
5.980,-0.563,1.980,-1.002-1
5.990,-0.531,1.990,-1.000-1
6.000,-0.500,2.000,-1.000-1
6.010,-0.469,2.010,-1.000-1
6.020,-0.437,2.020,-1.002-1
6.030,-0.406,2.030,-1.004-1
6.040,-0.375,2.040,-1.008-1
6.050,-0.344,2.050,-1.012-1
6.060,-0.313,2.060,-1.018-1
6.070,-0.282,2.070,-1.024-1
6.080,-0.251,2.080,-1.031-1
6.090,-0.221,2.090,-1.040-1
6.100,-0.191,2.100,-1.049-1
6.110,-0.161,2.110,-1.059-1
6.120,-0.132,2.120,-1.070-1
6.130,-0.103,2.130,-1.082-1
6.140,-0.074,2.140,-1.095-1
6.150,-0.046,2.150,-1.109-1
6.160,-0.018,2.160,-1.124-1
6.170,0.009,2.170,-1.139-1
6.180,0.036,2.180,-1.156-1
6.190,0.062,2.190,-1.173-1
6.200,0.088,2.200,-1.191-1
6.210,0.113,2.210,-1.210-1
6.220,0.137,2.220,-1.229-1
6.230,0.161,2.230,-1.250-1
6.240,0.185,2.240,-1.271-1
6.250,0.207,2.250,-1.293-1
6.260,0.229,2.260,-1.315-1
6.270,0.250,2.270,-1.339-1
6.280,0.271,2.280,-1.363-1
6.290,0.290,2.290,-1.387-1
6.300,0.309,2.300,-1.412-1
6.310,0.327,2.310,-1.438-1
6.320,0.344,2.320,-1.464-1
6.330,0.361,2.330,-1.491-1
6.340,0.376,2.340,-1.518-1
6.350,0.391,2.350,-1.546-1
6.360,0.405,2.360,-1.574-1
6.370,0.418,2.370,-1.603-1
6.380,0.430,2.380,-1.632-1
6.390,0.441,2.390,-1.661-1
6.400,0.451,2.400,-1.691-1
6.410,0.460,2.410,-1.721-1
6.420,0.469,2.420,-1.751-1
6.430,0.476,2.430,-1.782-1
6.440,0.482,2.440,-1.813-1
6.450,0.488,2.450,-1.844-1
6.460,0.492,2.460,-1.875-1
6.470,0.496,2.470,-1.906-1
6.480,0.498,2.480,-1.937-1
6.490,0.500,2.490,-1.969-1
6.500,0.500,2.500,-2.000-1
6.510,0.500,2.510,-2.031-1
6.520,0.498,2.520,-2.063-1
6.530,0.496,2.530,-2.094-1
6.540,0.492,2.540,-2.125-1
6.550,0.488,2.550,-2.156-1
6.560,0.482,2.560,-2.187-1
6.570,0.476,2.570,-2.218-1
6.580,0.469,2.580,-2.249-1
6.590,0.460,2.590,-2.279-1
6.600,0.451,2.600,-2.309-1
6.610,0.441,2.610,-2.339-1
6.620,0.430,2.620,-2.368-1
6.630,0.418,2.630,-2.397-1
6.640,0.405,2.640,-2.426-1
6.650,0.391,2.650,-2.454-1
6.660,0.376,2.660,-2.482-1
6.670,0.361,2.670,-2.509-1
6.680,0.344,2.680,-2.536-1
6.690,0.327,2.690,-2.562-1
6.700,0.309,2.700,-2.588-1
6.710,0.290,2.710,-2.613-1
6.720,0.271,2.720,-2.637-1
6.730,0.250,2.730,-2.661-1
6.740,0.229,2.740,-2.685-1
6.750,0.207,2.750,-2.707-1
6.760,0.185,2.760,-2.729-1
6.770,0.161,2.770,-2.750-1
6.780,0.137,2.780,-2.771-1
6.790,0.113,2.790,-2.790-1
6.800,0.088,2.800,-2.809-1
6.810,0.062,2.810,-2.827-1
6.820,0.036,2.820,-2.844-1
6.830,0.009,2.830,-2.861-1
6.840,-0.018,2.840,-2.876-1
6.850,-0.046,2.850,-2.891-1
6.860,-0.074,2.860,-2.905-1
6.870,-0.103,2.870,-2.918-1
6.880,-0.132,2.880,-2.930-1
6.890,-0.161,2.890,-2.941-1
6.900,-0.191,2.900,-2.951-1
6.910,-0.221,2.910,-2.960-1
6.920,-0.251,2.920,-2.969-1
6.930,-0.282,2.930,-2.976-1
6.940,-0.313,2.940,-2.982-1
6.950,-0.344,2.950,-2.988-1
6.960,-0.375,2.960,-2.992-1
6.970,-0.406,2.970,-2.996-1
6.980,-0.437,2.980,-2.998-1
6.990,-0.469,2.990,-3.000-1
7.000,-0.500,3.000,-3.000-1
7.010,-0.531,3.010,-3.000-1
7.020,-0.563,3.020,-2.998-1
7.030,-0.594,3.030,-2.996-1
7.040,-0.625,3.040,-2.992-1
7.050,-0.656,3.050,-2.988-1
7.060,-0.687,3.060,-2.982-1
7.070,-0.718,3.070,-2.976-1
7.080,-0.749,3.080,-2.969-1
7.090,-0.779,3.090,-2.960-1
7.100,-0.809,3.100,-2.951-1
7.110,-0.839,3.110,-2.941-1
7.120,-0.868,3.120,-2.930-1
7.130,-0.897,3.130,-2.918-1
7.140,-0.926,3.140,-2.905-1
7.150,-0.954,3.150,-2.891-1
7.160,-0.982,3.160,-2.876-1
7.170,-1.009,3.170,-2.861-1
7.180,-1.036,3.180,-2.844-1
7.190,-1.062,3.190,-2.827-1
7.200,-1.088,3.200,-2.809-1
7.210,-1.113,3.210,-2.790-1
7.220,-1.137,3.220,-2.771-1
7.230,-1.161,3.230,-2.750-1
7.240,-1.185,3.240,-2.729-1
7.250,-1.207,3.250,-2.707-1
7.260,-1.229,3.260,-2.685-1
7.270,-1.250,3.270,-2.661-1
7.280,-1.271,3.280,-2.637-1
7.290,-1.290,3.290,-2.613-1
7.300,-1.309,3.300,-2.588-1
7.310,-1.327,3.310,-2.562-1
7.320,-1.344,3.320,-2.536-1
7.330,-1.361,3.330,-2.509-1
7.340,-1.376,3.340,-2.482-1
7.350,-1.391,3.350,-2.454-1
7.360,-1.405,3.360,-2.426-1
7.370,-1.418,3.370,-2.397-1
7.380,-1.430,3.380,-2.368-1
7.390,-1.441,3.390,-2.339-1
7.400,-1.451,3.400,-2.309-1
7.410,-1.460,3.410,-2.279-1
7.420,-1.469,3.420,-2.249-1
7.430,-1.476,3.430,-2.218-1
7.440,-1.482,3.440,-2.187-1
7.450,-1.488,3.450,-2.156-1
7.460,-1.492,3.460,-2.125-1
7.470,-1.496,3.470,-2.094-1
7.480,-1.498,3.480,-2.063-1
7.490,-1.500,3.490,-2.031-1
7.500,-1.500,3.500,-2.000-1
7.510,-1.500,3.510,-1.969-1
7.520,-1.498,3.520,-1.937-1
7.530,-1.496,3.530,-1.906-1
7.540,-1.492,3.540,-1.875-1
7.550,-1.488,3.550,-1.844-1
7.560,-1.482,3.560,-1.813-1
7.570,-1.476,3.570,-1.782-1
7.580,-1.469,3.580,-1.751-1
7.590,-1.460,3.590,-1.721-1
7.600,-1.451,3.600,-1.691-1
7.610,-1.441,3.610,-1.661-1
7.620,-1.430,3.620,-1.632-1
7.630,-1.418,3.630,-1.603-1
7.640,-1.405,3.640,-1.574-1
7.650,-1.391,3.650,-1.546-1
7.660,-1.376,3.660,-1.518-1
7.670,-1.361,3.670,-1.491-1
7.680,-1.344,3.680,-1.464-1
7.690,-1.327,3.690,-1.438-1
7.700,-1.309,3.700,-1.412-1
7.710,-1.290,3.710,-1.387-1
7.720,-1.271,3.720,-1.363-1
7.730,-1.250,3.730,-1.339-1
7.740,-1.229,3.740,-1.315-1
7.750,-1.207,3.750,-1.293-1
7.760,-1.185,3.760,-1.271-1
7.770,-1.161,3.770,-1.250-1
7.780,-1.137,3.780,-1.229-1
7.790,-1.113,3.790,-1.210-1
7.800,-1.088,3.800,-1.191-1
7.810,-1.062,3.810,-1.173-1
7.820,-1.036,3.820,-1.156-1
7.830,-1.009,3.830,-1.139-1
7.840,-0.982,3.840,-1.124-1
7.850,-0.954,3.850,-1.109-1
7.860,-0.926,3.860,-1.095-1
7.870,-0.897,3.870,-1.082-1
7.880,-0.868,3.880,-1.070-1
7.890,-0.839,3.890,-1.059-1
7.900,-0.809,3.900,-1.049-1
7.910,-0.779,3.910,-1.040-1
7.920,-0.749,3.920,-1.031-1
7.930,-0.718,3.930,-1.024-1
7.940,-0.687,3.940,-1.018-1
7.950,-0.656,3.950,-1.012-1
7.960,-0.625,3.960,-1.008-1
7.970,-0.594,3.970,-1.004-1
7.980,-0.563,3.980,-1.002-1
7.990,-0.531,3.990,-1.000-1
8.000,-0.500,4.000,-1.000-1
8.010,-0.469,4.010,-1.000-1
8.020,-0.437,4.020,-1.002-1
8.030,-0.406,4.030,-1.004-1
8.040,-0.375,4.040,-1.008-1
8.050,-0.344,4.050,-1.012-1
8.060,-0.313,4.060,-1.018-1
8.070,-0.282,4.070,-1.024-1
8.080,-0.251,4.080,-1.031-1
8.090,-0.221,4.090,-1.040-1
8.100,-0.191,4.100,-1.049-1
8.110,-0.161,4.110,-1.059-1
8.120,-0.132,4.120,-1.070-1
8.130,-0.103,4.130,-1.082-1
8.140,-0.074,4.140,-1.095-1
8.150,-0.046,4.150,-1.109-1
8.160,-0.018,4.160,-1.124-1
8.170,0.009,4.170,-1.139-1
8.180,0.036,4.180,-1.156-1
8.190,0.062,4.190,-1.173-1
8.200,0.088,4.200,-1.191-1
8.210,0.113,4.210,-1.210-1
8.220,0.137,4.220,-1.229-1
8.230,0.161,4.230,-1.250-1
8.240,0.185,4.240,-1.271-1
8.250,0.207,4.250,-1.293-1
8.260,0.229,4.260,-1.315-1
8.270,0.250,4.270,-1.339-1
8.280,0.271,4.280,-1.363-1
8.290,0.290,4.290,-1.387-1
8.300,0.309,4.300,-1.412-1
8.310,0.327,4.310,-1.438-1
8.320,0.344,4.320,-1.464-1
8.330,0.361,4.330,-1.491-1
8.340,0.376,4.340,-1.518-1
8.350,0.391,4.350,-1.546-1
8.360,0.405,4.360,-1.574-1
8.370,0.418,4.370,-1.603-1
8.380,0.430,4.380,-1.632-1
8.390,0.441,4.390,-1.661-1
8.400,0.451,4.400,-1.691-1
8.410,0.460,4.410,-1.721-1
8.420,0.469,4.420,-1.751-1
8.430,0.476,4.430,-1.782-1
8.440,0.482,4.440,-1.813-1
8.450,0.488,4.450,-1.844-1
8.460,0.492,4.460,-1.875-1
8.470,0.496,4.470,-1.906-1
8.480,0.498,4.480,-1.937-1
8.490,0.500,4.490,-1.969-1
8.500,0.500,4.500,-2.000-1
8.510,0.500,4.510,-2.031-1
8.520,0.498,4.520,-2.063-1
8.530,0.496,4.530,-2.094-1
8.540,0.492,4.540,-2.125-1
8.550,0.488,4.550,-2.156-1
8.560,0.482,4.560,-2.187-1
8.570,0.476,4.570,-2.218-1
8.580,0.469,4.580,-2.249-1
8.590,0.460,4.590,-2.279-1
8.600,0.451,4.600,-2.309-1
8.610,0.441,4.610,-2.339-1
8.620,0.430,4.620,-2.368-1
8.630,0.418,4.630,-2.397-1
8.640,0.405,4.640,-2.426-1
8.650,0.391,4.650,-2.454-1
8.660,0.376,4.660,-2.482-1
8.670,0.361,4.670,-2.509-1
8.680,0.344,4.680,-2.536-1
8.690,0.327,4.690,-2.562-1
8.700,0.309,4.700,-2.588-1
8.710,0.290,4.710,-2.613-1
8.720,0.271,4.720,-2.637-1
8.730,0.250,4.730,-2.661-1
8.740,0.229,4.740,-2.685-1
8.750,0.207,4.750,-2.707-1
8.760,0.185,4.760,-2.729-1
8.770,0.161,4.770,-2.750-1
8.780,0.137,4.780,-2.771-1
8.790,0.113,4.790,-2.790-1
8.800,0.088,4.800,-2.809-1
8.810,0.062,4.810,-2.827-1
8.820,0.036,4.820,-2.844-1
8.830,0.009,4.830,-2.861-1
8.840,-0.018,4.840,-2.876-1
8.850,-0.046,4.850,-2.891-1
8.860,-0.074,4.860,-2.905-1
8.870,-0.103,4.870,-2.918-1
8.880,-0.132,4.880,-2.930-1
8.890,-0.161,4.890,-2.941-1
8.900,-0.191,4.900,-2.951-1
8.910,-0.221,4.910,-2.960-1
8.920,-0.251,4.920,-2.969-1
8.930,-0.282,4.930,-2.976-1
8.940,-0.313,4.940,-2.982-1
8.950,-0.344,4.950,-2.988-1
8.960,-0.375,4.960,-2.992-1
8.970,-0.406,4.970,-2.996-1
8.980,-0.437,4.980,-2.998-1
8.990,-0.469,4.990,-3.000-1
9.000,-0.500,5.000,-3.000-1
9.010,-0.531,5.010,-3.000-1
9.020,-0.563,5.020,-2.998-1
9.030,-0.594,5.030,-2.996-1
9.040,-0.625,5.040,-2.992-1
9.050,-0.656,5.050,-2.988-1
9.060,-0.687,5.060,-2.982-1
9.070,-0.718,5.070,-2.976-1
9.080,-0.749,5.080,-2.969-1
9.090,-0.779,5.090,-2.960-1
9.100,-0.809,5.100,-2.951-1
9.110,-0.839,5.110,-2.941-1
9.120,-0.868,5.120,-2.930-1
9.130,-0.897,5.130,-2.918-1
9.140,-0.926,5.140,-2.905-1
9.150,-0.954,5.150,-2.891-1
9.160,-0.982,5.160,-2.876-1
9.170,-1.009,5.170,-2.861-1
9.180,-1.036,5.180,-2.844-1
9.190,-1.062,5.190,-2.827-1
9.200,-1.088,5.200,-2.809-1
9.210,-1.113,5.210,-2.790-1
9.220,-1.137,5.220,-2.771-1
9.230,-1.161,5.230,-2.750-1
9.240,-1.185,5.240,-2.729-1
9.250,-1.207,5.250,-2.707-1
9.260,-1.229,5.260,-2.685-1
9.270,-1.250,5.270,-2.661-1
9.280,-1.271,5.280,-2.637-1
9.290,-1.290,5.290,-2.613-1
9.300,-1.309,5.300,-2.588-1
9.310,-1.327,5.310,-2.562-1
9.320,-1.344,5.320,-2.536-1
9.330,-1.361,5.330,-2.509-1
9.340,-1.376,5.340,-2.482-1
9.350,-1.391,5.350,-2.454-1
9.360,-1.405,5.360,-2.426-1
9.370,-1.418,5.370,-2.397-1
9.380,-1.430,5.380,-2.368-1
9.390,-1.441,5.390,-2.339-1
9.400,-1.451,5.400,-2.309-1
9.410,-1.460,5.410,-2.279-1
9.420,-1.469,5.420,-2.249-1
9.430,-1.476,5.430,-2.218-1
9.440,-1.482,5.440,-2.187-1
9.450,-1.488,5.450,-2.156-1
9.460,-1.492,5.460,-2.125-1
9.470,-1.496,5.470,-2.094-1
9.480,-1.498,5.480,-2.063-1
9.490,-1.500,5.490,-2.031-1
9.500,-1.500,5.500,-2.000-1
9.510,-1.500,5.510,-1.969-1
9.520,-1.498,5.520,-1.937-1
9.530,-1.496,5.530,-1.906-1
9.540,-1.492,5.540,-1.875-1
9.550,-1.488,5.550,-1.844-1
9.560,-1.482,5.560,-1.813-1
9.570,-1.476,5.570,-1.782-1
9.580,-1.469,5.580,-1.751-1
9.590,-1.460,5.590,-1.721-1
9.600,-1.451,5.600,-1.691-1
9.610,-1.441,5.610,-1.661-1
9.620,-1.430,5.620,-1.632-1
9.630,-1.418,5.630,-1.603-1
9.640,-1.405,5.640,-1.574-1
9.650,-1.391,5.650,-1.546-1
9.660,-1.376,5.660,-1.518-1
9.670,-1.361,5.670,-1.491-1
9.680,-1.344,5.680,-1.464-1
9.690,-1.327,5.690,-1.438-1
9.700,-1.309,5.700,-1.412-1
9.710,-1.290,5.710,-1.387-1
9.720,-1.271,5.720,-1.363-1
9.730,-1.250,5.730,-1.339-1
9.740,-1.229,5.740,-1.315-1
9.750,-1.207,5.750,-1.293-1
9.760,-1.185,5.760,-1.271-1
9.770,-1.161,5.770,-1.250-1
9.780,-1.137,5.780,-1.229-1
9.790,-1.113,5.790,-1.210-1
9.800,-1.088,5.800,-1.191-1
9.810,-1.062,5.810,-1.173-1
9.820,-1.036,5.820,-1.156-1
9.830,-1.009,5.830,-1.139-1
9.840,-0.982,5.840,-1.124-1
9.850,-0.954,5.850,-1.109-1
9.860,-0.926,5.860,-1.095-1
9.870,-0.897,5.870,-1.082-1
9.880,-0.868,5.880,-1.070-1
9.890,-0.839,5.890,-1.059-1
9.900,-0.809,5.900,-1.049-1
9.910,-0.779,5.910,-1.040-1
9.920,-0.749,5.920,-1.031-1
9.930,-0.718,5.930,-1.024-1
9.940,-0.687,5.940,-1.018-1
9.950,-0.656,5.950,-1.012-1
9.960,-0.625,5.960,-1.008-1
9.970,-0.594,5.970,-1.004-1
9.980,-0.563,5.980,-1.002-1
9.990,-0.531,5.990,-1.000-1
10.000,-0.500,6.000,-1.000-1
